0 0.18058779729315405 0.7405063291139241 0.16633086592790505 0.2753164556962026
1 0.31127633480793654 0.8259493670886077 0.09029389864657703 0.13607594936708864
0 0.07544292847444263 0.4359177215189874 0.14613354649380228 0.17563291139240506
0 0.41701524243353333 0.3037974683544304 0.07128465682624502 0.1012658227848101
0 0.5281004993210986 0.4185126582278481 0.07484888966755733 0.10601265822784811
1 0.2637532302571066 0.5664556962025317 0.06415619114362052 0.1012658227848101
0 0.6896790547939204 0.6542721518987342 0.05821580307476679 0.08069620253164551
0 0.6148301651263632 0.37420886075949367 0.055839647847225254 0.09018987341772153
0 0.5423574306863476 0.22784810126582278 0.05346349261968378 0.07594936708860754
1 0.6082957382506241 0.5870253164556962 0.06415619114362045 0.06645569620253163
0 0.4716668126669879 0.7776898734177214 0.09504620910166003 0.08386075949367083
