0 0.6374504170798577 0.8014240506329113 0.2549801668319431 0.1439873417721519
1 0.4309375546870443 0.7697784810126581 0.15383100974158545 0.125
1 0.8618751093740886 0.5118670886075948 0.10957825351455412 0.09018987341772146
1 0.14224100215831534 0.49999999999999983 0.09482733477221023 0.07278481012658226
1 0.33189567170273576 0.6099683544303794 0.08639823834801376 0.10284810126582272
0 0.7259559295339204 0.5094936708860759 0.14961646152948715 0.11708860759493675
0 0.5320867117774019 0.35996835443037967 0.13275826868109428 0.06170886075949369
0 0.7459750335413871 0.05379746835443036 0.10114915709035756 0.0632911392405063
1 0.4825657702852476 0.16930379746835442 0.06321822318147355 0.04430379746835444
1 0.7944423379805167 0.2159810126582278 0.14329463921133978 0.058544303797468306
