0 0.3504828960623713 0.2879746835443038 0.08078927773641109 0.09810126582278482
0 0.42770794095747017 0.21518987341772153 0.06890850159870354 0.06645569620253167
0 0.5679010993824187 0.17088607594936708 0.06415619114362045 0.09177215189873415
0 0.8334364460601813 0.6819620253164557 0.12474814944592894 0.1265822784810126
1 0.3528590512899129 0.8117088607594937 0.09504620910166003 0.129746835443038
1 0.402164272261399 0.5268987341772152 0.055839647847225254 0.06962025316455694
0 0.7241333055932724 0.16455696202531647 0.07722504489509874 0.07594936708860761
0 0.32909749901449786 0.19145569620253167 0.066532346371162 0.047468354430379736
0 0.8892760939074067 0.08306962025316456 0.06059195830230834 0.06487341772151899
0 0.47107277386010254 0.05617088607594937 0.04158271648197626 0.052215189873417715
0 0.11821372257018964 0.06962025316455696 0.060591958302308256 0.050632911392405076
1 0.7051240637729405 0.6281645569620253 0.07009657921247438 0.11075949367088597
1 0.9047211028864264 0.7887658227848101 0.08197735535018183 0.12183544303797461
1 0.8482874162323156 0.14082278481012658 0.04514694932328851 0.07278481012658226
0 0.4995866365906005 0.19541139240506328 0.048711182164600755 0.049050632911392424
0 0.5857222635889799 0.061708860759493674 0.06415619114362059 0.06645569620253165
