0 0.5226039783001809 0.8148734177215188 0.36245114624044805 0.20569620253164544
0 0.190708306597445 0.5276898734177213 0.20019104007466607 0.15664556962025317
0 0.4604393921717319 0.3987341772151898 0.18754739543837132 0.11392405063291143
0 0.7765305080790992 0.39636075949367083 0.16226010616578193 0.09651898734177217
0 0.7301704777460186 0.2681962025316455 0.09482733477221018 0.08702531645569621
0 0.13170463162806975 0.19066455696202528 0.16226010616578193 0.09335443037974685
0 0.32452021233156386 0.17009493670886072 0.11379280172665225 0.0901898734177215
0 0.6616840692994225 0.2436708860759493 0.07586186781776831 0.056962025316455715
0 0.8629287464271129 0.2602848101265822 0.09904188298430838 0.08069620253164558
0 0.24233652219564836 0.0981012658227848 0.09272006066616108 0.0791139240506329
0 0.4678148515429038 0.09651898734177213 0.10536370530245591 0.07594936708860757
0 0.7470286705944116 0.182753164556962 0.10325643119640673 0.07120253164556961
