0 0.9214548212098232 0.4295886075949366 0.15709035758035356 0.11234177215189867
0 0.6669522545645452 0.4469936708860759 0.1454019133173891 0.06170886075949369
0 0.76283322638978 0.35363924050632906 0.12222189815084875 0.06170886075949369
1 0.6300749577086858 0.6898734177215189 0.1685819284839293 0.1265822784810127
1 0.4772975850201247 0.731012658227848 0.12854372046899606 0.08227848101265821
1 0.6669522545645452 0.553006329113924 0.15383100974158537 0.0838607594936709
0 0.37298751677069364 0.5648734177215188 0.11800734993875046 0.06012658227848099
0 0.41197208773260213 0.4865506329113923 0.08218369013591548 0.055379746835442986
0 0.32557384938458844 0.4984177215189872 0.07796914192381735 0.047468354430379736
0 0.6395576911859068 0.3465189873417721 0.06111094907542437 0.047468354430379736
0 0.5995194831709736 0.35601265822784806 0.0484673044391296 0.04430379746835442
0 0.5573740010499912 0.36392405063291133 0.052681852651227816 0.047468354430379736
0 0.689078632678061 0.30458860759493667 0.07586186781776817 0.0427215189873418
