0 0.08955914950708743 0.49208860759493667 0.1706892025899784 0.15822784810126586
0 0.46254666627778107 0.4335443037974682 0.12011462404479964 0.06962025316455694
0 0.515228518929009 0.5181962025316456 0.19597649186256788 0.09335443037974685
1 0.29080382663477805 0.7001582278481012 0.12222189815084877 0.058544303797468306
1 0.8113005308289096 0.03481012658227847 0.09272006066616115 0.06962025316455694
0 0.11906098699177507 0.21835443037974678 0.1833328472262731 0.08227848101265817
0 0.20440558828676425 0.15664556962025314 0.11800734993875046 0.07278481012658229
0 0.43409846584611794 0.0632911392405063 0.10957825351455398 0.04430379746835442
0 0.39195298372513565 0.12104430379746833 0.12222189815084868 0.06487341772151899
0 0.04109184506795776 0.1281645569620253 0.07375459371171905 0.05379746835443036
0 0.09904188298430845 0.09651898734177213 0.07586186781776819 0.05379746835443038
0 0.17174283964300294 0.08939873417721517 0.06954004549962083 0.061708860759493646
0 0.2528728927258939 0.06487341772151899 0.08007641602986645 0.06329113924050633
0 0.643772239398005 0.20569620253164556 0.09904188298430854 0.05696202531645568
0 0.9631227031441404 0.13291139240506322 0.07375459371171914 0.05379746835443036
0 0.9730830368080265 0.19224683544303794 0.053833926383946816 0.05537974683544302
0 0.9477957475354372 0.3093354430379746 0.10440850492912573 0.0775316455696202
0 0.8976987691769233 0.04351265822784809 0.06321822318147341 0.03955696202531645
0 0.7217413813218223 0.02136075949367088 0.06111094907542437 0.04272151898734176
0 0.6458795135040541 0.025316455696202524 0.05689640086332617 0.05063291139240505
1 0.36245114624044805 0.019778481012658226 0.05057457854517878 0.03639240506329113
