0 0.1633606718934782 0.7784810126582278 0.16989509876921732 0.129746835443038
1 0.2578128421882528 0.9145569620253164 0.10455083001182601 0.06962025316455694
0 0.4176092812404187 0.4960443037974683 0.12237199421838732 0.12183544303797468
1 0.5405753142656914 0.5925632911392404 0.09504620910166003 0.11867088607594942
0 0.7942298848057466 0.5996835443037974 0.17939971967938334 0.2056962025316455
0 0.8381887565152646 0.15268987341772153 0.11286737330822136 0.10917721518987344
0 0.4063225439095966 0.23417721518987342 0.11643160614953352 0.14873417721518986
0 0.2857326661118655 0.18117088607594936 0.1104912180806798 0.11234177215189874
0 0.42830197976435547 0.08702531645569618 0.11999583899084584 0.09177215189873415
0 0.2102897376374228 0.11075949367088608 0.07603696728132803 0.08227848101265824
